2.40329
2.448281
2.07016
2.255229
2.052913
2.089743
2.180886
2.219747
4.354247
4.665973
2.729026
3.846987
2.952157
2.157394
2.160744
2.77059
2.885673
2.015652
2.28159
2.459932
2.685373
2.090524
2.371331
2.126285
2.751065
2.819854
3.133767
2.264171
2.096134
2.94052
2.669234
3.59629
3.300883
2.298517
2.002442
2.058581
3.200832
2.169713
2.028496
3.38999
2.920517
2.065407
2.128367
2.384341
2.015473
2.870681
2.477703
2.216985
2.040157
2.572771
2.582227
2.299776
2.218733
2.074412
2.377295
7.32167
2.68484
2.271438
2.587995
2.665857
2.437415
2.445437
2.363124
2.471377
2.370277
2.636175
3.085825
2.147002
2.431474
2.000683
2.083624
2.295193
2.111548
2.134834
3.15809
3.006009
2.683215
2.639092
2.68818
2.268646
2.165454
2.565896
2.022114
2.04784
2.474764
2.100187
2.55559
2.076045
2.535688
2.121002
2.107082
2.361233
2.127807
2.211699
2.114004
2.207307
2.580004
2.077852
2.105853
2.305281
2.683178
2.366635
2.585659
3.0784
2.984768
2.175722
2.092388
2.04321
2.016565
2.097528
2.010557
3.563023
3.141905
2.653782
2.028736
2.120326
2.029989
2.133149
2.056257
2.653297
2.141948
3.748558
2.293473
3.342073
2.111209
3.97175
2.206851
3.01458
2.14087
2.33204
2.069032
2.173896
3.841428
2.143626
2.24614
2.556994
2.171749
2.883296
3.235355
2.025876
2.030602
2.424938
3.091586
2.240939
2.953082
2.391125
2.228029
2.039205
2.419582
2.430047
3.025768
3.979108
2.048683
2.961953
2.111857
2.479645
2.21615
3.054619
3.014667
2.093396
2.562474
2.947735
3.485631
2.442355
2.413815
2.185638
2.631368
2.14789
2.153638
2.364501
2.124061
3.444343
2.095545
3.04735
2.094637
2.393613
2.151442
2.415316
2.179297
2.571667
2.742086
2.098885
2.134365
2.793014
2.231862
2.240813
2.258941
2.650125
2.160642
2.290757
